256 9 0
52 72 77 84 108 109 115 116 121 

256 1 0
114 

256 1 0
105 

256 1 0
101 

256 1 0
101 

256 1 0
111 

256 1 0
117 

256 1 0
111 

256 1 0
111 

256 1 0
111 

256 1 0
97 

256 1 0
104 

256 0 1

2 1 
256 1 0
97 

256 1 0
118 

256 1 0
99 

256 0 1

1 1 
256 1 0
111 

256 1 0
117 

256 1 0
110 

256 1 0
105 

256 1 0
109 

256 1 0
101 

256 1 0
104 

256 0 1

2 1 
256 0 1

1 1 
256 1 0
103 

256 0 1

1 1 
256 0 1

0 1 
256 0 2

1 1 2 2 
256 0 1

1 1 
256 1 0
101 

256 1 0
114 

256 1 0
115 

256 0 1

0 1 
